% -------------------------------------------------------------------
%  Generated by MATLAB on 21-Dec-2023 22:40:52
%  MATLAB version: 23.2.0.2459199 (R2023b) Update 5
% -------------------------------------------------------------------
                                        

Maneuver = struct;
Maneuver.Trajectory_LoadFile = struct;
Maneuver.Trajectory_LoadFile.Units = '';
Maneuver.Trajectory_LoadFile.Comments = '';
Maneuver.Trajectory_LoadFile.Value = ...
  'Double_Lane_Change_ISO3888_trajectory_default.mat';
Maneuver.xMaxLat = struct;
Maneuver.xMaxLat.Units = 'm';
Maneuver.xMaxLat.Comments = '';
Maneuver.xMaxLat.Value = 5;
Maneuver.vMinTarget = struct;
Maneuver.vMinTarget.Units = 'm/s';
Maneuver.vMinTarget.Comments = '';
Maneuver.vMinTarget.Value = 5;
Maneuver.vGain = struct;
Maneuver.vGain.Units = '';
Maneuver.vGain.Comments = 'Scales target speed Trajectory vx';
Maneuver.vGain.Value = 1;
Maneuver.xPreview = struct;
Maneuver.xPreview.x = struct;
Maneuver.xPreview.x.Units = 'm';
Maneuver.xPreview.x.Comments = '';
Maneuver.xPreview.x.Value = [2.5000   15.0000   20.0000];
Maneuver.xPreview.v = struct;
Maneuver.xPreview.v.Units = 'm/s';
Maneuver.xPreview.v.Comments = '';
Maneuver.xPreview.v.Value = [0 5 20];
Maneuver.Type = 'Double_Lane_Change_ISO3888';
Maneuver.Instance = 'Sedan_Hamba';
Maneuver.Trajectory = struct;
Maneuver.Trajectory.x = struct;
Maneuver.Trajectory.x.Value = [0 5.833333333333333 11.666666666666666 17.5 ...
                               23.333333333333332 29.166666666666664 35 ...
                               40.833333333333329 46.666666666666664 52.5 ...
                               58.333333333333329 64.166666666666657 70 ...
                               75.833333333333329 81.666666666666657 87.5 ...
                               93.333333333333329 99.166666666666657 105 ...
                               110.83333333333333 116.66666666666666 122.5 ...
                               128.33333333333331 134.16666666666666 140 ...
                               145.83333333333331 151.66666666666666 157.5 ...
                               163.33333333333331 169.16666666666666 175 ...
                               176.5 178 179.5 181 182.5 184 185.5 187 ...
                               188.5 190 191.5 193 194.5 196 197.5 199 ...
                               200.5 202 203.5 205 206.5 208 209.5 211 ...
                               212.5 214 215.5 217 218.5 220 222.5 225 ...
                               227.5 230 232.5 235 237.5 240 242.5 245 ...
                               246.25 247.5 248.75 250 251.25 252.5 253.75 ...
                               255 256.25 257.5 258.75 260 261.25 262.5 ...
                               263.75 265 266.25 267.5 268.75 270 272 274 ...
                               276 278 280 282 284 286 288 290 292 294 ...
                               296 298 300 340 380 420 460 500 540 580 ...
                               620 660 700];
Maneuver.Trajectory.x.Units = 'm';
Maneuver.Trajectory.x.Comments = '';
Maneuver.Trajectory.y = struct;
Maneuver.Trajectory.y.Value = [-3.35 -3.35 -3.35 -3.35 -3.35 -3.35 -3.35 ...
                               -3.35 -3.35 -3.35 -3.35 -3.35 -3.35 -3.35 ...
                               -3.35 -3.35 -3.35 -3.35 -3.35 -3.35 -3.35 ...
                               -3.35 -3.35 -3.35 -3.35 -3.35 -3.35 -3.35 ...
                               -3.35 -3.35 -3.35 -3.35 -3.35 -3.35 -3.35 ...
                               -3.35 -3.35 -3.35 -3.35 -3.35 -3.35 -3.324625 ...
                               -3.2520000000000002 -3.137375 -2.986 -2.803125 ...
                               -2.5940000000000003 -2.363875 -2.1180000000000003 ...
                               -1.8616250000000003 -1.6000000000000003 ...
                               -1.3383750000000005 -1.0820000000000007 ...
                               -0.83612500000000045 -0.60600000000000032 ...
                               -0.39687500000000053 -0.21400000000000086 ...
                               -0.0626250000000006 0.051999999999999158 ...
                               0.12462499999999865 0.14999999999999991 ...
                               0.14999999999999991 0.14999999999999991 ...
                               0.14999999999999991 0.14999999999999991 ...
                               0.14999999999999991 0.14999999999999991 ...
                               0.14999999999999991 0.14999999999999991 ...
                               0.14999999999999991 0.14999999999999991 ...
                               0.1246249999999999 0.051999999999999894 ...
                               -0.062625000000000125 -0.21400000000000008 ...
                               -0.39687500000000009 -0.60600000000000021 ...
                               -0.83612500000000023 -1.082 -1.3383750000000003 ...
                               -1.6000000000000003 -1.861625 -2.1180000000000003 ...
                               -2.363875 -2.5940000000000003 -2.8031250000000005 ...
                               -2.9860000000000007 -3.1373750000000009 ...
                               -3.2520000000000016 -3.3246250000000006 ...
                               -3.35 -3.35 -3.35 -3.35 -3.35 -3.35 -3.35 ...
                               -3.35 -3.35 -3.35 -3.35 -3.35 -3.35 -3.35 ...
                               -3.35 -3.35 -3.35 -3.35 -3.35 -3.35 -3.35 ...
                               -3.35 -3.35 -3.35 -3.35 -3.35]+0.4;
Maneuver.Trajectory.y.Units = 'm';
Maneuver.Trajectory.y.Comments = '';
Maneuver.Trajectory.z = struct;
Maneuver.Trajectory.z.Value = [0 0 0 0 0 0 0 0 0 0 0 0 0 0 0 0 0 0 0 0 ...
                               0 0 0 0 0 0 0 0 0 0 0 0 0 0 0 0 0 0 0 0 ...
                               0 0 0 0 0 0 0 0 0 0 0 0 0 0 0 0 0 0 0 0 ...
                               0 0 0 0 0 0 0 0 0 0 0 0 0 0 0 0 0 0 0 0 ...
                               0 0 0 0 0 0 0 0 0 0 0 0 0 0 0 0 0 0 0 0 ...
                               0 0 0 0 0 0 0 0 0 0 0 0 0 0 0 0];
Maneuver.Trajectory.z.Units = 'm';
Maneuver.Trajectory.z.Comments = '';
Maneuver.Trajectory.xTrajectory = struct;
